X Direction (m/s) | Y Direction (m/s) | Z Direction (m/s) | Time (sec) (XYZ in ecef coords)
             -2.4              2.37              4.17      494537
            -2.32              2.42               4.4      494539
            -2.43              2.59              4.22      494541
            -4.01              2.54              4.28      494543
            -6.72              1.37              3.06      494545
            -8.64             -0.38              0.77      494547
            -9.73             -0.57              0.77      494549
           -10.83             -0.49              1.26      494551
           -11.87             -0.35              1.94      494553
           -12.95               0.1              2.79      494555
           -13.74              0.65              3.63      494557
           -14.44              1.05              4.48      494559
           -14.94              1.34              5.27      494561
           -15.11              1.72              6.08      494563
           -15.44              2.06              6.72      494565
           -15.91               2.2              7.06      494567
           -16.44              2.17              7.13      494569
            -17.3              1.92              7.07      494571
            -18.2              1.79              7.13      494573
           -19.05              1.55              6.78      494575
            -19.9              1.61              6.66      494577
           -20.91              1.69              6.57      494579
           -21.76              1.84              7.07      494581
           -22.21               2.1              7.71      494583
           -22.33              2.52              8.62      494585
           -22.52              2.92               8.9      494586
           -22.78              3.05              9.18      494589
           -23.11              3.22              9.33      494591
            -23.4              3.36              9.52      494593
           -22.91              3.24              9.36      494595
           -23.04              3.31              9.35      494597
           -23.23              3.28              9.32      494599
           -23.43               3.2              9.34      494601
           -23.53              3.28               9.4      494603
           -22.53              3.14              9.12      494605
           -20.51              3.03              8.55      494607
           -18.82              3.07              8.23      494609
           -17.23              2.96              7.74      494611
           -15.71              2.53              7.06      494613
           -15.16              2.46              6.85      494615
           -16.16              2.26              6.71      494617
           -17.61              2.17              6.67      494619
           -19.18              2.42              6.93      494621
            -21.2              2.76              7.25      494623
           -23.26              3.33              7.87      494625
           -24.57               3.8              8.53      494627
           -24.69               4.1              8.87      494629
           -25.04              3.57              8.31      494631
           -25.44               3.7              8.43      494633
           -25.93              4.12              9.29      494635
           -26.36              4.24              9.93      494637
           -26.58              4.17             10.09      494639
           -26.07              3.99             10.14      494641
           -26.07              3.86             10.22      494643
           -26.45              3.61             10.32      494645
           -26.71              3.66             10.56      494647
           -26.78              3.67             10.84      494649
           -27.02              3.55             10.84      494651
           -27.36              3.48             10.77      494653
           -26.51              3.39             10.17      494655
           -25.95              3.59              9.83      494657
           -25.48              3.97              9.76      494659
           -25.59              3.79              9.36      494661
           -25.81               3.9              9.45      494663
           -25.65              4.06              9.44      494665
           -25.23              4.19              9.74      494667
           -24.66              3.94              9.71      494669
           -24.03              3.63               9.3      494671
           -23.14              3.25              8.91      494673
           -22.88              2.94              8.68      494675
           -22.04              2.35              7.92      494677
           -22.12              2.06              7.58      494679
           -22.14              1.77              7.22      494681
           -22.22              1.46              6.84      494683
           -22.39              1.02              6.43      494685
           -22.72              0.84              6.17      494687
           -23.47              0.57              5.97      494689
           -24.17              0.29              5.68      494691
           -23.15             -0.07              4.97      494693
           -22.49             -0.13              4.84      494695
           -22.69             -0.17              4.86      494697
            -23.4             -0.58              4.49      494699
           -24.12             -1.01              3.87      494701
           -24.93             -1.47              3.33      494703
           -25.77             -1.93              2.97      494705
           -26.35             -2.37              2.49      494707
           -25.28             -2.64              1.88      494709
            -24.2             -2.73              1.44      494711
           -23.13             -2.82              1.25      494713
           -22.12             -2.98               0.7      494715
           -21.38             -3.23              0.34      494717
              -21             -3.36               0.1      494719
           -20.78             -3.37             -0.14      494721
           -20.58             -3.71             -0.72      494723
           -20.53             -3.92             -1.04      494725
           -20.65              -4.2             -1.44      494727
            -21.1             -4.54             -1.71      494729
           -21.45             -4.83             -1.97      494731
           -21.29             -4.76             -2.25      494733
           -20.83              -4.8             -2.66      494735
            -20.9             -4.76             -2.98      494737
            -21.8             -4.98             -3.26      494739
           -22.07             -4.76              -3.4      494741
           -22.34             -4.39             -3.53      494743
           -22.52             -4.37             -3.77      494745
           -22.72             -4.33             -3.86      494747
           -22.83             -4.39             -3.86      494749
           -22.75             -4.43             -3.69      494751
           -22.23             -4.33             -3.42      494753
           -21.56             -4.24             -3.25      494755
            -20.6             -4.15             -2.93      494757
           -19.87             -4.19             -2.74      494759
           -19.17              -4.3             -2.61      494761
           -18.57             -4.15             -2.42      494763
           -18.12             -3.98             -2.32      494765
           -17.84             -4.09             -2.35      494767
           -17.05             -3.94             -2.21      494769
           -17.25             -4.15             -2.33      494771
           -17.47             -4.22              -2.4      494773
           -17.54             -4.36             -2.35      494775
           -17.63             -4.32             -2.35      494777
            -17.7             -4.21             -2.33      494779
           -17.93             -4.18              -2.3      494781
           -18.25             -4.27             -2.34      494783
           -18.54             -4.26             -2.46      494785
           -18.77             -4.25             -2.59      494787
            -18.4             -4.12             -2.67      494789
           -18.43             -4.11             -2.71      494791
           -18.72             -4.05             -2.83      494793
           -19.06             -4.08             -2.76      494795
           -19.25             -4.09             -2.75      494797
           -18.66             -4.06             -2.67      494799
           -18.37             -4.14             -2.69      494801
           -18.31              -4.4             -2.79      494803
           -18.05              -4.5             -2.91      494805
